# Barycentered_MJD S/mJy
59836.438007 -2.131
59836.438122 -0.951
59836.438237 -1.675
59836.438353 -1.519
59836.438468 -0.461
59836.438584 -3.184
59836.438698 0.025
59836.438814 0.397
59836.438928 -1.473
59836.439044 -1.018
59836.439159 -0.884
59836.439275 -2.016
59836.439389 -1.177
59836.439505 0.312
59836.439619 -0.319
59836.439735 -0.254
59836.439850 -0.434
59836.439965 -0.887
59836.440081 -1.160
59836.440196 -0.814
59836.440312 -1.140
59836.440426 -3.020
59836.440542 -0.219
59836.440656 0.077
59836.440772 -0.832
59836.440887 -0.341
59836.441003 -1.025
59836.441117 1.356
59836.441233 -1.938
59836.441347 -0.414
59836.441463 1.443
59836.441578 -0.033
59836.441693 -0.118
59836.441809 -0.929
59836.441924 0.610
59836.442040 2.263
59836.442154 1.764
59836.442270 -0.424
59836.442384 0.062
59836.442500 2.091
59836.442615 -0.325
59836.442731 -2.928
59836.442845 1.022
59836.442961 2.171
59836.443075 0.043
59836.443191 -0.542
59836.443306 1.160
59836.443421 0.293
59836.443536 0.812
59836.443652 -1.504
59836.443768 -0.844
59836.443882 -0.165
59836.443998 1.307
59836.444112 -0.814
59836.444228 -0.921
59836.444343 1.050
59836.444459 -0.336
59836.444573 -1.676
59836.444689 -1.273
59836.444803 1.943
59836.444919 -2.494
59836.445034 2.585
59836.445149 -0.826
59836.445264 -0.802
59836.445380 0.504
59836.445496 -0.309
59836.445610 2.131
59836.445726 -0.984
59836.445840 -0.034
59836.445956 -1.442
59836.446071 0.303
59836.446187 1.763
59836.446301 -1.373
59836.446417 -0.203
59836.446531 -0.345
59836.446647 -2.295
59836.446762 2.615
59836.446878 1.196
59836.446992 0.129
59836.447108 0.734
59836.447224 0.852
59836.447338 -0.722
59836.447454 -1.349
59836.447568 0.988
59836.447684 -3.031
59836.447799 1.067
59836.447915 0.426
59836.448029 0.282
59836.448145 0.887
59836.448259 -1.097
59836.448375 -0.240
59836.448490 0.782
59836.448606 -1.551
59836.448720 -1.437
59836.448836 1.325
59836.448952 -1.294
59836.449066 -2.527
59836.449182 -0.826
59836.449296 0.022
59836.449412 -0.623
59836.449527 -0.096
59836.449643 1.024
59836.449757 -1.951
59836.449873 -1.901
59836.449987 -2.242
59836.450103 -0.212
59836.450218 -2.401
59836.450334 -1.076
59836.450448 -1.757
59836.450564 -2.131
59836.450680 1.591
59836.450794 0.913
59836.450910 0.991
59836.451024 -1.632
59836.451140 -0.185
59836.451255 0.598
59836.451371 -0.405
59836.451485 -1.684
59836.451601 -0.606
59836.451715 -0.363
59836.451831 -2.346
59836.451946 -1.178
59836.452062 -1.496
59836.452176 2.419
59836.452292 -2.051
59836.452408 -0.228
59836.452522 -0.140
59836.452638 0.027
59836.452753 -2.212
59836.452868 2.202
59836.452983 -1.202
59836.453099 0.071
59836.453213 -0.320
59836.453329 0.210
59836.453443 -0.377
59836.453559 0.144
59836.453674 1.834
59836.453790 -1.146
59836.453904 -2.333
59836.454020 -1.153
59836.454136 -0.237
59836.454250 -0.088
59836.454366 -2.624
59836.454481 0.392
59836.454596 0.144
59836.454711 1.000
59836.454827 -1.352
59836.454941 -1.629
59836.455057 -1.948
59836.455171 -0.231
59836.455287 -0.168
59836.455402 0.412
59836.455518 -1.729
59836.455632 -1.307
59836.455748 0.343
59836.455864 -1.138
59836.455978 -1.489
59836.456094 1.580
59836.456209 -0.147
59836.456324 0.040
59836.456439 -0.443
59836.456555 1.138
59836.456669 -1.263
59836.456785 -0.600
59836.456900 0.087
59836.457015 -3.764
59836.457130 0.760
59836.457246 -1.461
59836.457360 0.233
59836.457476 0.271
59836.457592 -1.424
59836.457706 0.361
59836.457822 0.393
59836.457937 -0.418
59836.458052 0.890
59836.458167 -2.678
59836.458283 -0.124
59836.458397 -0.295
59836.458513 -1.660
59836.458628 -0.615
59836.458743 0.499
59836.458858 -1.148
59836.458974 -1.692
59836.459088 -1.411
59836.459204 2.988
59836.459318 -1.123
59836.459434 -1.237
59836.459550 -1.027
59836.459665 -1.355
59836.459780 -1.492
59836.459895 -1.284
59836.460011 -0.514
59836.460125 1.319
59836.460241 -0.170
59836.460356 1.447
59836.460471 -0.288
59836.460586 1.816
59836.460702 -2.591
59836.460816 -2.984
59836.460932 -2.104
59836.461046 -0.776
59836.461162 1.474
59836.461278 2.114
59836.461393 5.536
59836.461508 4.216
59836.461623 3.280
59836.461739 24.220
59836.461853 21.612
59836.461969 12.501
59836.462084 14.674
59836.462199 18.571
59836.462314 134.618
59836.462430 35.837
59836.462544 2.152
59836.462660 -0.668
59836.462774 -1.428
59836.462890 -0.132
59836.463006 0.404
59836.463121 -0.875
59836.463236 0.827
59836.463351 -0.102
59836.463467 -2.065
59836.463581 -1.433
59836.463697 0.716
59836.463812 1.905
59836.463927 0.470
59836.464042 2.674
59836.464158 -0.142
59836.464272 -0.510
59836.464388 -1.273
59836.464503 -1.113
59836.464618 -0.712
59836.464734 0.219
59836.464849 -1.346
59836.464964 -0.083
59836.465079 -1.627
59836.465195 0.069
59836.465309 -0.323
59836.465425 -1.359
59836.465540 -2.443
59836.465655 -0.681
59836.465770 -0.336
59836.465886 1.128
59836.466000 -0.063
59836.466116 -0.251
59836.466231 0.091
59836.466346 -0.386
59836.466462 0.458
59836.466577 1.906
59836.466692 0.287
59836.466807 0.696
59836.466923 -0.551
59836.467037 -1.503
59836.467153 -1.304
59836.467268 0.809
59836.467383 1.352
59836.467498 0.415
59836.467614 1.059
59836.467728 -0.802
59836.467844 0.746
59836.467959 -0.949
59836.468074 -0.094
59836.468190 -1.576
59836.468305 0.526
59836.468420 0.180
59836.468535 -0.093
59836.468651 0.491
59836.468765 -0.463
59836.468881 -2.045
59836.468996 2.362
59836.469111 -1.983
59836.469226 -3.017
59836.469342 -0.136
59836.469456 -1.262
59836.469572 -1.097
59836.469687 -0.636
59836.469802 -1.208
59836.469918 0.107
59836.470033 0.811
59836.470148 -1.594
59836.470263 -3.154
59836.470379 -0.838
59836.470493 -3.074
59836.470609 -1.720
59836.470724 0.285
59836.470839 1.106
59836.470954 -0.629
59836.471070 0.361
59836.471184 0.200
59836.471300 -1.514
59836.471415 -1.238
59836.471530 0.452
59836.471646 -1.639
59836.471761 3.100
59836.471876 0.622
59836.471991 0.272
59836.472107 0.698
59836.472221 1.241
59836.472337 -1.028
59836.472452 1.264
59836.472567 -1.921
59836.472682 -0.750
59836.472798 -0.371
59836.472912 0.360
59836.473028 0.725
59836.473143 -0.373
59836.473258 1.612
59836.473373 1.037
59836.473489 0.395
59836.473604 -1.526
59836.473719 1.620
59836.473835 -0.198
59836.473949 0.177
59836.474065 2.448
59836.474180 -0.345
59836.474295 0.187
59836.474410 1.842
59836.474526 0.770
59836.474640 1.545
59836.474756 0.626
59836.474871 -0.516
59836.474986 -0.472
59836.475101 2.595
59836.475217 -0.014
59836.475332 0.985
59836.475447 1.092
59836.475563 0.073
59836.475677 2.341
59836.475793 3.471
59836.475908 1.071
59836.476023 0.149
59836.476138 3.513
59836.476254 7.483
59836.476368 9.904
59836.476484 3.257
59836.476599 4.445
59836.476714 4.777
59836.476829 7.665
59836.476945 15.745
59836.477060 17.572
59836.477175 7.460
59836.477291 0.231
59836.477405 0.912
59836.477521 4.426
59836.477636 3.244
59836.477751 1.492
59836.477866 -0.312
59836.477982 -0.323
59836.478096 0.233
59836.478212 -0.400
59836.478327 -0.190
59836.478442 -1.006
59836.478557 -1.428
59836.478673 -2.911
59836.478788 -0.146
59836.478903 -0.963
59836.479019 0.552
59836.479133 1.071
59836.479249 -1.226
59836.479364 0.307
