4.578700000000000614e+01 5.876009999999999955e+00
4.578700000000000614e+01 5.876009999999999955e+00
4.836979999999999791e+01 5.729630000000000223e+00
4.837000000000000455e+01 5.729630000000000223e+00
4.723959999999999582e+01 5.375090000000000146e+00
4.724000000000000909e+01 5.375090000000000146e+00
4.932779999999999632e+01 5.959220000000000184e+00
4.932800000000000296e+01 5.959220000000000184e+00
5.908670000000000755e+01 5.409360000000000390e+00
5.908699999999998909e+01 5.409360000000000390e+00
5.803839999999999577e+01 4.583239999999999981e+00
5.803800000000001091e+01 4.583239999999999981e+00
5.577989999999999782e+01 5.410980000000000345e+00
5.578000000000000114e+01 5.410980000000000345e+00
5.633769999999998390e+01 4.887089999999999712e+00
5.633799999999999386e+01 4.887089999999999712e+00
5.673259999999999081e+01 4.871340000000000003e+00
5.673300000000000409e+01 4.871340000000000003e+00
-3.244330000000000069e+01 3.773140000000000160e+00
-3.244300000000001205e+01 3.773140000000000160e+00
-3.427960000000000207e+01 3.803760000000000030e+00
-3.428000000000000114e+01 3.803760000000000030e+00
-4.697299999999999898e+01 4.761409999999999698e+00
-4.697300000000001319e+01 4.761409999999999698e+00
4.574770000000000891e+01 5.589430000000000121e+00
4.574799999999999045e+01 5.589430000000000121e+00
4.397669999999999391e+01 6.133980000000000210e+00
4.397700000000000387e+01 6.133980000000000210e+00
4.728919999999999391e+01 5.807970000000000077e+00
4.728899999999998727e+01 5.807970000000000077e+00
5.998869999999999436e+01 5.536319999999999908e+00
5.998900000000000432e+01 5.536319999999999908e+00
6.261529999999999063e+01 5.498949999999999783e+00
6.261500000000000909e+01 5.498949999999999783e+00
5.788439999999999941e+01 4.094960000000000377e+00
5.788399999999998613e+01 4.094960000000000377e+00
5.791290000000000759e+01 6.404139999999999944e+00
5.791300000000001091e+01 6.404139999999999944e+00
6.167169999999998709e+01 2.764369999999999994e+00
6.167199999999999704e+01 2.764369999999999994e+00
6.188669999999999050e+01 2.979509999999999881e+00
6.188700000000000045e+01 2.979509999999999881e+00
5.642000000000001592e+01 4.256639999999999979e+00
5.641999999999998749e+01 4.256639999999999979e+00
5.207460000000000377e+01 3.611909999999999954e+00
5.207499999999998863e+01 3.611909999999999954e+00
4.819210000000001060e+01 3.834360000000000213e+00
4.819200000000000728e+01 3.834360000000000213e+00
6.451890000000000214e+01 5.527269999999999683e+00
6.451900000000000546e+01 5.527269999999999683e+00
4.853300000000001546e+01 2.938019999999999854e+00
4.853299999999998704e+01 2.938019999999999854e+00
5.526439999999999486e+01 6.179770000000000429e+00
5.526400000000001000e+01 6.179770000000000429e+00
5.074719999999999231e+01 5.260640000000000427e+00
5.074700000000001410e+01 5.260640000000000427e+00
3.952289999999999281e+01 6.267559999999999576e+00
3.952299999999999613e+01 6.267559999999999576e+00
-2.622090000000000032e+01 6.048519999999999897e+00
-2.622100000000000364e+01 6.048519999999999897e+00
-3.037109999999999843e+01 4.752019999999999911e+00
-3.037100000000000932e+01 4.752019999999999911e+00
-3.862879999999999825e+01 4.078409999999999869e+00
-3.862899999999999068e+01 4.078409999999999869e+00
-3.311619999999999919e+01 5.265600000000000058e+00
-3.311600000000001387e+01 5.265600000000000058e+00
-4.013419999999999987e+01 4.100130000000000052e+00
-4.013399999999998613e+01 4.100130000000000052e+00
-3.237539999999999907e+01 2.093919999999999781e+00
-3.237500000000000000e+01 2.093919999999999781e+00
-4.004670000000000130e+01 4.929429999999999978e+00
-4.004699999999999704e+01 4.929429999999999978e+00
3.656170000000000186e+01 6.284150000000000347e+00
3.656199999999999761e+01 6.284150000000000347e+00
2.774549999999999272e+01 4.795209999999999972e+00
2.774500000000000455e+01 4.795209999999999972e+00
3.534989999999999100e+01 3.970149999999999846e+00
3.534999999999999432e+01 3.970149999999999846e+00
3.544020000000000437e+01 3.155920000000000059e+00
3.543999999999999773e+01 3.155920000000000059e+00
4.041140000000001464e+01 3.031969999999999832e+00
4.041100000000000136e+01 3.031969999999999832e+00
3.333870000000000289e+01 3.865130000000000177e+00
3.333899999999999864e+01 3.865130000000000177e+00
4.379040000000000532e+01 4.805959999999999788e+00
4.378999999999999204e+01 4.805959999999999788e+00
3.853199999999998226e+01 2.700730000000000075e+00
3.853200000000001069e+01 2.700730000000000075e+00
3.450159999999999627e+01 2.972710000000000186e+00
3.450199999999999534e+01 2.972710000000000186e+00
3.492329999999999757e+01 2.554600000000000204e+00
3.492300000000000182e+01 2.554600000000000204e+00
3.527609999999999957e+01 3.460449999999999804e+00
3.527599999999999625e+01 3.460449999999999804e+00
3.590590000000000259e+01 5.848300000000000054e+00
3.590600000000000591e+01 5.848300000000000054e+00
4.552840000000000487e+01 4.502189999999999692e+00
4.552799999999999159e+01 4.502189999999999692e+00
4.623869999999999436e+01 4.391449999999999854e+00
4.623900000000000432e+01 4.391449999999999854e+00
4.957390000000000896e+01 5.524239999999999817e+00
4.957400000000001228e+01 5.524239999999999817e+00
5.556369999999998299e+01 5.318570000000000242e+00
5.556399999999999295e+01 5.318570000000000242e+00
5.613749999999998863e+01 4.661100000000000243e+00
5.613700000000000045e+01 4.661100000000000243e+00
4.895709999999999695e+01 3.861120000000000108e+00
4.895699999999999363e+01 3.861120000000000108e+00
5.205459999999999354e+01 4.523760000000000225e+00
5.205500000000000682e+01 4.523760000000000225e+00
6.463499999999999091e+01 5.057809999999999917e+00
6.463499999999999091e+01 5.057809999999999917e+00
5.366349999999999909e+01 4.888810000000000322e+00
5.366300000000001091e+01 4.888810000000000322e+00
5.884700000000000841e+01 6.277860000000000440e+00
5.884700000000000841e+01 6.277860000000000440e+00
5.128589999999999804e+01 4.948550000000000004e+00
5.128600000000000136e+01 4.948550000000000004e+00
5.040219999999999345e+01 2.930829999999999824e+00
5.040199999999998681e+01 2.930829999999999824e+00
5.257999999999998408e+01 3.360739999999999839e+00
5.258000000000001251e+01 3.360739999999999839e+00
6.082900000000000773e+01 5.406229999999999869e+00
6.082900000000000773e+01 5.406229999999999869e+00
5.222800000000000864e+01 5.040899999999999714e+00
5.222800000000000864e+01 5.040899999999999714e+00
5.581239999999999668e+01 5.913249999999999673e+00
5.581200000000001182e+01 5.913249999999999673e+00
5.120179999999999154e+01 5.634089999999999598e+00
5.120199999999999818e+01 5.634089999999999598e+00
4.706399999999999295e+01 6.293569999999999887e+00
4.706399999999999295e+01 6.293569999999999887e+00
5.432169999999999277e+01 6.087369999999999948e+00
5.432200000000000273e+01 6.087369999999999948e+00
4.772989999999998645e+01 2.035159999999999858e+00
4.772999999999998977e+01 2.035159999999999858e+00
5.086979999999999791e+01 2.157490000000000130e+00
5.087000000000000455e+01 2.157490000000000130e+00
4.746059999999999945e+01 3.877749999999999808e+00
4.746100000000001273e+01 3.877749999999999808e+00
5.077299999999999613e+01 3.638209999999999944e+00
5.077299999999999613e+01 3.638209999999999944e+00
4.734460000000001401e+01 4.044900000000000162e+00
4.734499999999999886e+01 4.044900000000000162e+00
5.751080000000001746e+01 2.752899999999999903e+00
5.751099999999999568e+01 2.752899999999999903e+00
5.289109999999999445e+01 4.171280000000000321e+00
5.289099999999999113e+01 4.171280000000000321e+00
4.735309999999998354e+01 5.666229999999999656e+00
4.735300000000000864e+01 5.666229999999999656e+00
4.603280000000000882e+01 5.513460000000000250e+00
4.603299999999998704e+01 5.513460000000000250e+00
5.250950000000000273e+01 3.540459999999999940e+00
5.250999999999999091e+01 3.540459999999999940e+00
4.323160000000001446e+01 3.748040000000000038e+00
4.323199999999999932e+01 3.748040000000000038e+00
4.607339999999999236e+01 3.977120000000000211e+00
4.607300000000000750e+01 3.977120000000000211e+00
5.357880000000000109e+01 5.717850000000000321e+00
5.357900000000000773e+01 5.717850000000000321e+00
5.276290000000000191e+01 6.177389999999999937e+00
5.276300000000000523e+01 6.177389999999999937e+00
5.043739999999999668e+01 4.781970000000000276e+00
5.043700000000001182e+01 4.781970000000000276e+00
5.452909999999999968e+01 5.737689999999999735e+00
5.452899999999999636e+01 5.737689999999999735e+00
5.332359999999999900e+01 6.278780000000000250e+00
5.332400000000001228e+01 6.278780000000000250e+00
5.124770000000000891e+01 6.256339999999999790e+00
5.124799999999999045e+01 6.256339999999999790e+00
6.037510000000000332e+01 6.198199999999999932e+00
6.037500000000000000e+01 6.198199999999999932e+00
4.168739999999999668e+01 6.323249999999999815e+00
4.168700000000001182e+01 6.323249999999999815e+00
5.103870000000000573e+01 4.443419999999999703e+00
5.103899999999998727e+01 4.443419999999999703e+00
4.955240000000000578e+01 5.627959999999999852e+00
4.955199999999999250e+01 5.627959999999999852e+00
4.873410000000001219e+01 6.090779999999999639e+00
4.873400000000000887e+01 6.090779999999999639e+00
5.351879999999999882e+01 5.806470000000000020e+00
5.351900000000000546e+01 5.806470000000000020e+00
5.042980000000000018e+01 4.946460000000000079e+00
5.043000000000000682e+01 4.946460000000000079e+00
5.744589999999999463e+01 4.230819999999999581e+00
5.744599999999999795e+01 4.230819999999999581e+00
5.345490000000000919e+01 5.005810000000000315e+00
5.345500000000001251e+01 5.005810000000000315e+00
4.909980000000001610e+01 3.447389999999999954e+00
4.909999999999999432e+01 3.447389999999999954e+00
5.183729999999999905e+01 1.892160000000000064e+00
5.183699999999998909e+01 1.892160000000000064e+00
4.758410000000000650e+01 1.949489999999999945e+00
4.758400000000000318e+01 1.949489999999999945e+00
5.272520000000000095e+01 2.253639999999999866e+00
5.272499999999999432e+01 2.253639999999999866e+00
4.662319999999999709e+01 2.089150000000000063e+00
4.662299999999999045e+01 2.089150000000000063e+00
5.066530000000000200e+01 1.791060000000000096e+00
5.066499999999999204e+01 1.791060000000000096e+00
4.644259999999999877e+01 2.250789999999999846e+00
4.644300000000001205e+01 2.250789999999999846e+00
4.857280000000000086e+01 6.316880000000000273e+00
4.857300000000000750e+01 6.316880000000000273e+00
5.726019999999999754e+01 5.432400000000000340e+00
5.725999999999999091e+01 5.432400000000000340e+00
4.657720000000000482e+01 4.942219999999999835e+00
4.657699999999999818e+01 4.942219999999999835e+00
5.389089999999998781e+01 5.255080000000000418e+00
5.389099999999999113e+01 5.255080000000000418e+00
4.924869999999998527e+01 5.642890000000000406e+00
4.924899999999999523e+01 5.642890000000000406e+00
5.937219999999999231e+01 6.220010000000000261e+00
5.937200000000001410e+01 6.220010000000000261e+00
5.229779999999999518e+01 5.842830000000000190e+00
5.229800000000000182e+01 5.842830000000000190e+00
4.838689999999999714e+01 5.821939999999999671e+00
4.838700000000000045e+01 5.821939999999999671e+00
4.718469999999999231e+01 5.017430000000000057e+00
4.718500000000000227e+01 5.017430000000000057e+00
5.921449999999998681e+01 5.519140000000000157e+00
5.921399999999999864e+01 5.519140000000000157e+00
5.145330000000001291e+01 5.867040000000000255e+00
5.145300000000000296e+01 5.867040000000000255e+00
5.572860000000000014e+01 5.668919999999999959e+00
5.572900000000001342e+01 5.668919999999999959e+00
5.201429999999999154e+01 5.267350000000000421e+00
5.201400000000001000e+01 5.267350000000000421e+00
5.082620000000000005e+01 4.878260000000000041e+00
5.082599999999999341e+01 4.878260000000000041e+00
5.234049999999999159e+01 3.751329999999999831e+00
5.234100000000000819e+01 3.751329999999999831e+00
5.611570000000000391e+01 3.925629999999999953e+00
5.611600000000001387e+01 3.925629999999999953e+00
5.234010000000000673e+01 5.148839999999999861e+00
5.234000000000000341e+01 5.148839999999999861e+00
4.696609999999998308e+01 3.288510000000000044e+00
4.696600000000000819e+01 3.288510000000000044e+00
4.650110000000000809e+01 2.179069999999999840e+00
4.650100000000000477e+01 2.179069999999999840e+00
4.901650000000000773e+01 1.886279999999999957e+00
4.901599999999999113e+01 1.886279999999999957e+00
4.959739999999999327e+01 1.942630000000000079e+00
4.959700000000000841e+01 1.942630000000000079e+00
5.248680000000001655e+01 3.338649999999999896e+00
5.248699999999999477e+01 3.338649999999999896e+00
4.750260000000000105e+01 4.351230000000000153e+00
4.750299999999998590e+01 4.351230000000000153e+00
4.875169999999999959e+01 5.213709999999999845e+00
4.875200000000000955e+01 5.213709999999999845e+00
5.327629999999999200e+01 4.205029999999999824e+00
5.327600000000001046e+01 4.205029999999999824e+00
5.527549999999999386e+01 5.186139999999999972e+00
5.527500000000000568e+01 5.186139999999999972e+00
5.099830000000000041e+01 6.177850000000000286e+00
5.099799999999999045e+01 6.177850000000000286e+00
5.140690000000000737e+01 5.465970000000000439e+00
5.140700000000001069e+01 5.465970000000000439e+00
6.054370000000000118e+01 5.442409999999999748e+00
6.054400000000001114e+01 5.442409999999999748e+00
5.596760000000000446e+01 4.619839999999999947e+00
5.596799999999998931e+01 4.619839999999999947e+00
5.349680000000000746e+01 3.294230000000000214e+00
5.349700000000001410e+01 3.294230000000000214e+00
5.365670000000000073e+01 5.058239999999999625e+00
5.365700000000001069e+01 5.058239999999999625e+00
5.348820000000000618e+01 4.231910000000000061e+00
5.348799999999999955e+01 4.231910000000000061e+00
4.932779999999999632e+01 1.857779999999999987e+00
4.932800000000000296e+01 1.857779999999999987e+00
4.598480000000000700e+01 2.158970000000000056e+00
4.598500000000001364e+01 2.158970000000000056e+00
4.565999999999999659e+01 3.087509999999999977e+00
4.565999999999999659e+01 3.087509999999999977e+00
5.561680000000001201e+01 2.705760000000000165e+00
5.561699999999999022e+01 2.705760000000000165e+00
4.952930000000000632e+01 4.141829999999999679e+00
4.952899999999999636e+01 4.141829999999999679e+00
4.626319999999998345e+01 5.948400000000000354e+00
4.626300000000000523e+01 5.948400000000000354e+00
4.762039999999998940e+01 4.690070000000000405e+00
4.762000000000000455e+01 4.690070000000000405e+00
5.067590000000001282e+01 4.011449999999999960e+00
5.067599999999998772e+01 4.011449999999999960e+00
4.512309999999999377e+01 4.164600000000000080e+00
4.512299999999999045e+01 4.164600000000000080e+00
4.914109999999999445e+01 3.717499999999999805e+00
4.914099999999999113e+01 3.717499999999999805e+00
4.906389999999998963e+01 5.003689999999999749e+00
4.906399999999999295e+01 5.003689999999999749e+00
4.499830000000000041e+01 3.312030000000000030e+00
4.499799999999999045e+01 3.312030000000000030e+00
4.534250000000000114e+01 5.136079999999999757e+00
4.534200000000001296e+01 5.136079999999999757e+00
5.388439999999999941e+01 3.768710000000000004e+00
5.388399999999998613e+01 3.768710000000000004e+00
5.337829999999999586e+01 3.056849999999999845e+00
5.337799999999998590e+01 3.056849999999999845e+00
4.668309999999999604e+01 4.526399999999999757e+00
4.668299999999999272e+01 4.526399999999999757e+00
-5.470799999999999841e+01 2.019470000000000098e+00
-5.470799999999999841e+01 2.019470000000000098e+00
-3.711619999999999919e+01 2.342039999999999900e+00
-3.711600000000001387e+01 2.342039999999999900e+00
-3.672829999999999728e+01 2.279589999999999783e+00
-3.672800000000000864e+01 2.279589999999999783e+00
-4.068439999999999657e+01 2.574679999999999858e+00
-4.068399999999999750e+01 2.574679999999999858e+00
-4.673790000000000333e+01 2.645750000000000046e+00
-4.673799999999999955e+01 2.645750000000000046e+00
-4.773389999999999844e+01 1.377969999999999917e+00
-4.773400000000000887e+01 1.377969999999999917e+00
-4.759740000000000038e+01 1.309010000000000007e+00
-4.759700000000000841e+01 1.309010000000000007e+00
-4.865160000000000196e+01 1.186979999999999924e+00
-4.865199999999998681e+01 1.186979999999999924e+00
-4.466799999999999926e+01 1.415000000000000036e+00
-4.466800000000000637e+01 1.415000000000000036e+00
-4.696090000000000231e+01 1.362039999999999917e+00
-4.696100000000001273e+01 1.362039999999999917e+00
-4.020490000000000208e+01 1.505849999999999911e+00
-4.020500000000001251e+01 1.505849999999999911e+00
-3.162689999999999912e+01 1.854659999999999975e+00
-3.162700000000000955e+01 1.854659999999999975e+00
-3.391740000000000066e+01 3.308089999999999975e+00
-3.391700000000000159e+01 3.308089999999999975e+00
4.651539999999999964e+01 3.259770000000000056e+00
4.651499999999998636e+01 3.259770000000000056e+00
4.590940000000000509e+01 5.069340000000000401e+00
4.590899999999999181e+01 5.069340000000000401e+00
5.020499999999998408e+01 3.675889999999999880e+00
5.020500000000001251e+01 3.675889999999999880e+00
5.325119999999998299e+01 3.401069999999999816e+00
5.325100000000000477e+01 3.401069999999999816e+00
4.867050000000000409e+01 4.436989999999999768e+00
4.866999999999998749e+01 4.436989999999999768e+00
4.204890000000000327e+01 3.719399999999999817e+00
4.204900000000000659e+01 3.719399999999999817e+00
4.606459999999998445e+01 2.534889999999999866e+00
4.606499999999999773e+01 2.534889999999999866e+00
4.442310000000000514e+01 2.415379999999999860e+00
4.442300000000000182e+01 2.415379999999999860e+00
4.597090000000000032e+01 3.065080000000000027e+00
4.597100000000000364e+01 3.065080000000000027e+00
4.243569999999999709e+01 3.743780000000000108e+00
4.243600000000000705e+01 3.743780000000000108e+00
4.426080000000001746e+01 3.063709999999999933e+00
4.426099999999999568e+01 3.063709999999999933e+00
4.434129999999998972e+01 3.807889999999999997e+00
4.434100000000000819e+01 3.807889999999999997e+00
4.952690000000001191e+01 3.595139999999999780e+00
4.952699999999998681e+01 3.595139999999999780e+00
4.762860000000000582e+01 3.873720000000000052e+00
4.762899999999999068e+01 3.873720000000000052e+00
5.018059999999999832e+01 3.977430000000000021e+00
5.018100000000001160e+01 3.977430000000000021e+00
4.692990000000000350e+01 5.122580000000000133e+00
4.693000000000000682e+01 5.122580000000000133e+00
5.027199999999999136e+01 3.653010000000000090e+00
5.027199999999999136e+01 3.653010000000000090e+00
4.192500000000001137e+01 5.392540000000000333e+00
4.192500000000001137e+01 5.392540000000000333e+00
-5.742049999999999699e+01 5.785669999999999646e+00
-5.742099999999999227e+01 5.785669999999999646e+00
-5.367260000000000275e+01 4.932199999999999918e+00
-5.367300000000000182e+01 4.932199999999999918e+00
-4.176100000000000279e+01 6.157840000000000202e+00
-4.176099999999999568e+01 6.157840000000000202e+00
-4.191960000000000264e+01 4.754970000000000141e+00
-4.191999999999998749e+01 4.754970000000000141e+00
-4.370459999999999923e+01 3.321880000000000166e+00
-4.370500000000001251e+01 3.321880000000000166e+00
-4.567430000000000234e+01 4.229890000000000150e+00
-4.567400000000000659e+01 4.229890000000000150e+00
-4.350480000000000302e+01 5.887319999999999887e+00
-4.350499999999999545e+01 5.887319999999999887e+00
-3.964860000000000184e+01 6.055790000000000006e+00
-3.964900000000000091e+01 6.055790000000000006e+00
-3.071730000000000160e+01 4.253529999999999589e+00
-3.071700000000001296e+01 4.253529999999999589e+00
5.060070000000001755e+01 5.161990000000000300e+00
5.060099999999999909e+01 5.161990000000000300e+00
4.594639999999998281e+01 4.048399999999999999e+00
4.594599999999999795e+01 4.048399999999999999e+00
4.422219999999998663e+01 5.845699999999999896e+00
4.422200000000000841e+01 5.845699999999999896e+00
5.030740000000000123e+01 5.969070000000000320e+00
5.030699999999998795e+01 5.969070000000000320e+00
4.900889999999998281e+01 5.522280000000000300e+00
4.900899999999998613e+01 5.522280000000000300e+00
5.087469999999999004e+01 5.030940000000000190e+00
5.087500000000000000e+01 5.030940000000000190e+00
4.761189999999999145e+01 5.042919999999999625e+00
4.761199999999999477e+01 5.042919999999999625e+00
5.324770000000000891e+01 5.494329999999999714e+00
5.324799999999999045e+01 5.494329999999999714e+00
4.256880000000001019e+01 3.919179999999999886e+00
4.256899999999998840e+01 3.919179999999999886e+00
3.700239999999999441e+01 5.025409999999999933e+00
3.700199999999999534e+01 5.025409999999999933e+00
3.707650000000001000e+01 5.610450000000000159e+00
3.707699999999999818e+01 5.610450000000000159e+00
5.165539999999998599e+01 6.096440000000000303e+00
5.165500000000000114e+01 6.096440000000000303e+00
5.219460000000000832e+01 5.544780000000000264e+00
5.219499999999999318e+01 5.544780000000000264e+00
4.955320000000000391e+01 5.110240000000000116e+00
4.955299999999999727e+01 5.110240000000000116e+00
5.181850000000000023e+01 3.255669999999999842e+00
5.181899999999998840e+01 3.255669999999999842e+00
5.661340000000001282e+01 3.009300000000000086e+00
5.661299999999999955e+01 3.009300000000000086e+00
5.068610000000001037e+01 4.611880000000000202e+00
5.068600000000000705e+01 4.611880000000000202e+00
4.845320000000000960e+01 3.898960000000000203e+00
4.845300000000000296e+01 3.898960000000000203e+00
5.067969999999999686e+01 3.281590000000000007e+00
5.068000000000000682e+01 3.281590000000000007e+00
4.643450000000001410e+01 4.269479999999999720e+00
4.643399999999999750e+01 4.269479999999999720e+00
4.698040000000000305e+01 4.537550000000000416e+00
4.697999999999998977e+01 4.537550000000000416e+00
5.007040000000000646e+01 4.847360000000000113e+00
5.006999999999999318e+01 4.847360000000000113e+00
5.168450000000001410e+01 4.677089999999999748e+00
5.168500000000000227e+01 4.677089999999999748e+00
5.614330000000001064e+01 5.777790000000000425e+00
5.614300000000000068e+01 5.777790000000000425e+00
-5.416870000000000118e+01 3.348300000000000054e+00
-5.416900000000001114e+01 3.348300000000000054e+00
-4.356479999999999819e+01 3.880920000000000147e+00
-4.356499999999999773e+01 3.880920000000000147e+00
-3.621540000000000248e+01 4.080460000000000420e+00
-3.621500000000000341e+01 4.080460000000000420e+00
-4.161189999999999856e+01 4.056879999999999598e+00
-4.161199999999999477e+01 4.056879999999999598e+00
-3.088289999999999935e+01 4.883060000000000400e+00
-3.088300000000000978e+01 4.883060000000000400e+00
-4.978130000000000166e+01 6.017050000000000232e+00
-4.978100000000000591e+01 6.017050000000000232e+00
-4.299609999999999843e+01 5.467649999999999899e+00
-4.299600000000000932e+01 5.467649999999999899e+00
-2.869279999999999831e+01 6.062560000000000393e+00
-2.869300000000001205e+01 6.062560000000000393e+00
-3.107339999999999947e+01 3.257490000000000219e+00
-3.107300000000000750e+01 3.257490000000000219e+00
-3.277170000000000272e+01 5.085420000000000051e+00
-3.277199999999999136e+01 5.085420000000000051e+00
-2.108169999999999789e+01 5.714830000000000076e+00
-2.108199999999999363e+01 5.714830000000000076e+00
-3.980420000000000158e+01 2.700410000000000199e+00
-3.980400000000000205e+01 2.700410000000000199e+00
-3.851059999999999661e+01 2.545090000000000074e+00
-3.851099999999999568e+01 2.545090000000000074e+00
-4.031219999999999715e+01 4.143769999999999953e+00
-4.031200000000001182e+01 4.143769999999999953e+00
4.701150000000001228e+01 5.956319999999999837e+00
4.701200000000000045e+01 5.956319999999999837e+00
4.068869999999998299e+01 5.021250000000000213e+00
4.068899999999999295e+01 5.021250000000000213e+00
4.303690000000000282e+01 6.132039999999999935e+00
4.303700000000000614e+01 6.132039999999999935e+00
4.938150000000001683e+01 4.535519999999999996e+00
4.938200000000000500e+01 4.535519999999999996e+00
4.723259999999999081e+01 5.128219999999999779e+00
4.723300000000000409e+01 5.128219999999999779e+00
5.482159999999998945e+01 3.572779999999999845e+00
5.482200000000000273e+01 3.572779999999999845e+00
4.988009999999999877e+01 3.897549999999999848e+00
4.987999999999999545e+01 3.897549999999999848e+00
4.698869999999999436e+01 5.710049999999999848e+00
4.698900000000000432e+01 5.710049999999999848e+00
5.897110000000000696e+01 5.244950000000000223e+00
5.897100000000000364e+01 5.244950000000000223e+00
4.624170000000000869e+01 6.051899999999999835e+00
4.624199999999999022e+01 6.051899999999999835e+00
4.674610000000001264e+01 3.062380000000000102e+00
4.674600000000000932e+01 3.062380000000000102e+00
4.878190000000000737e+01 4.322639999999999816e+00
4.878200000000001069e+01 4.322639999999999816e+00
5.373099999999999454e+01 6.095069999999999766e+00
5.373099999999999454e+01 6.095069999999999766e+00
4.477859999999998308e+01 4.937280000000000335e+00
4.477899999999999636e+01 4.937280000000000335e+00
5.502000000000001023e+01 4.934859999999999580e+00
5.502000000000001023e+01 4.934859999999999580e+00
3.373369999999999891e+01 6.255160000000000053e+00
3.373399999999999466e+01 6.255160000000000053e+00
4.836979999999999791e+01 5.034449999999999648e+00
4.837000000000000455e+01 5.034449999999999648e+00
5.278329999999999700e+01 6.272879999999999789e+00
5.278299999999998704e+01 6.272879999999999789e+00
-3.790599999999999881e+01 4.116340000000000110e+00
-3.790600000000000591e+01 4.116340000000000110e+00
-3.803159999999999741e+01 2.217550000000000132e+00
-3.803200000000001069e+01 2.217550000000000132e+00
-4.199589999999999890e+01 3.019649999999999945e+00
-4.199600000000000932e+01 3.019649999999999945e+00
-4.558080000000000354e+01 5.649309999999999832e+00
-4.558099999999998886e+01 5.649309999999999832e+00
-4.213029999999999831e+01 6.012920000000000265e+00
-4.212999999999999545e+01 6.012920000000000265e+00
-5.700840000000000174e+01 4.320420000000000371e+00
-5.700800000000000978e+01 4.320420000000000371e+00
-6.602240000000000464e+01 6.282560000000000144e+00
-6.602199999999999136e+01 6.282560000000000144e+00
4.149029999999999063e+01 5.145179999999999865e+00
4.149000000000000909e+01 5.145179999999999865e+00
5.207220000000000937e+01 4.724429999999999907e+00
5.207200000000000273e+01 4.724429999999999907e+00
4.740280000000001337e+01 3.440059999999999896e+00
4.740299999999999159e+01 3.440059999999999896e+00
4.802309999999999945e+01 3.959189999999999987e+00
4.802299999999999613e+01 3.959189999999999987e+00
4.116899999999998272e+01 5.525009999999999977e+00
4.116900000000001114e+01 5.525009999999999977e+00
6.053940000000000055e+01 6.439180000000000348e+00
6.053899999999998727e+01 6.439180000000000348e+00
5.721440000000001191e+01 4.864550000000000374e+00
5.721399999999999864e+01 4.864550000000000374e+00
5.664869999999999095e+01 2.942410000000000192e+00
5.664900000000000091e+01 2.942410000000000192e+00
5.369859999999999900e+01 2.905229999999999979e+00
5.369900000000001228e+01 2.905229999999999979e+00
4.726290000000000191e+01 2.489390000000000214e+00
4.726300000000000523e+01 2.489390000000000214e+00
5.285460000000000491e+01 3.429040000000000088e+00
5.285499999999998977e+01 3.429040000000000088e+00
4.875299999999998590e+01 3.813689999999999802e+00
4.875299999999998590e+01 3.813689999999999802e+00
5.439750000000000796e+01 5.775529999999999831e+00
5.439799999999999613e+01 5.775529999999999831e+00
4.760480000000001155e+01 3.800920000000000076e+00
4.760499999999998977e+01 3.800920000000000076e+00
4.884379999999998745e+01 4.341510000000000424e+00
4.884399999999999409e+01 4.341510000000000424e+00
5.218850000000000477e+01 3.676620000000000221e+00
5.218899999999999295e+01 3.676620000000000221e+00
5.522379999999998290e+01 4.008770000000000167e+00
5.522399999999998954e+01 4.008770000000000167e+00
4.911799999999999500e+01 3.454699999999999882e+00
4.911799999999999500e+01 3.454699999999999882e+00
5.001959999999999695e+01 3.407719999999999860e+00
5.002000000000001023e+01 3.407719999999999860e+00
5.251949999999999363e+01 3.610799999999999788e+00
5.251900000000000546e+01 3.610799999999999788e+00
5.301850000000001728e+01 3.874779999999999891e+00
5.301800000000000068e+01 3.874779999999999891e+00
4.312700000000000955e+01 4.470469999999999722e+00
4.312700000000000955e+01 4.470469999999999722e+00
4.282830000000001291e+01 3.979540000000000077e+00
4.282800000000000296e+01 3.979540000000000077e+00
3.636760000000001014e+01 3.515769999999999840e+00
3.636799999999999500e+01 3.515769999999999840e+00
4.200960000000000605e+01 5.892030000000000101e+00
4.200999999999999091e+01 5.892030000000000101e+00
4.494880000000000564e+01 5.473679999999999879e+00
4.494900000000001228e+01 5.473679999999999879e+00
4.946370000000001710e+01 3.388970000000000038e+00
4.946399999999999864e+01 3.388970000000000038e+00
5.962129999999999086e+01 3.756289999999999907e+00
5.962100000000000932e+01 3.756289999999999907e+00
4.458289999999999509e+01 4.765469999999999651e+00
4.458299999999999841e+01 4.765469999999999651e+00
4.397809999999998354e+01 2.595439999999999969e+00
4.397800000000000864e+01 2.595439999999999969e+00
4.432069999999998799e+01 2.017269999999999897e+00
4.432099999999999795e+01 2.017269999999999897e+00
4.879879999999999995e+01 2.328850000000000087e+00
4.879900000000000659e+01 2.328850000000000087e+00
4.493559999999999377e+01 2.607650000000000023e+00
4.493600000000000705e+01 2.607650000000000023e+00
4.839940000000001419e+01 2.418719999999999981e+00
4.839900000000000091e+01 2.418719999999999981e+00
5.193229999999999791e+01 3.034289999999999932e+00
5.193199999999998795e+01 3.034289999999999932e+00
4.243619999999998527e+01 3.231899999999999995e+00
4.243600000000000705e+01 3.231899999999999995e+00
4.746070000000000277e+01 2.315510000000000179e+00
4.746100000000001273e+01 2.315510000000000179e+00
4.735990000000001032e+01 3.215180000000000149e+00
4.736000000000001364e+01 3.215180000000000149e+00
3.649309999999999832e+01 4.652999999999999581e+00
3.649299999999999500e+01 4.652999999999999581e+00
5.132640000000000668e+01 3.382880000000000109e+00
5.132599999999999341e+01 3.382880000000000109e+00
5.080490000000000350e+01 3.889369999999999994e+00
5.080500000000000682e+01 3.889369999999999994e+00
5.567459999999999809e+01 6.069689999999999586e+00
5.567500000000001137e+01 6.069689999999999586e+00
4.566110000000000468e+01 5.045490000000000030e+00
4.566100000000000136e+01 5.045490000000000030e+00
-2.519259999999999877e+01 5.617409999999999570e+00
-2.519300000000001205e+01 5.617409999999999570e+00
-1.829130000000000678e+01 5.724490000000000300e+00
-1.829099999999999682e+01 5.724490000000000300e+00
-2.825840000000000174e+01 4.326690000000000147e+00
-2.825800000000000978e+01 4.326690000000000147e+00
-2.553900000000000148e+01 3.769080000000000208e+00
-2.553899999999998727e+01 3.769080000000000208e+00
-2.439679999999999893e+01 5.833070000000000199e+00
-2.439699999999999136e+01 5.833070000000000199e+00
5.531659999999999400e+01 4.660770000000000302e+00
5.531700000000000728e+01 4.660770000000000302e+00
5.565680000000000405e+01 4.192960000000000242e+00
5.565700000000001069e+01 4.192960000000000242e+00
5.606630000000001246e+01 5.609980000000000189e+00
5.606600000000000250e+01 5.609980000000000189e+00
5.053030000000001110e+01 5.616349999999999731e+00
5.053000000000000114e+01 5.616349999999999731e+00
5.662409999999999854e+01 5.909849999999999604e+00
5.662399999999999523e+01 5.909849999999999604e+00
5.013110000000000355e+01 3.374400000000000066e+00
5.013100000000000023e+01 3.374400000000000066e+00
5.780189999999998918e+01 6.003169999999999895e+00
5.780199999999999250e+01 6.003169999999999895e+00
5.690809999999999036e+01 6.121170000000000222e+00
5.690799999999998704e+01 6.121170000000000222e+00
6.302559999999999718e+01 6.237350000000000172e+00
6.302600000000001046e+01 6.237350000000000172e+00
5.567789999999999395e+01 5.411629999999999718e+00
5.567799999999999727e+01 5.411629999999999718e+00
4.401859999999999218e+01 5.270950000000000024e+00
4.401900000000000546e+01 5.270950000000000024e+00
5.187100000000000932e+01 6.002299999999999969e+00
5.187100000000000932e+01 6.002299999999999969e+00
4.198230000000000928e+01 5.827899999999999636e+00
4.198199999999999932e+01 5.827899999999999636e+00
4.612409999999999854e+01 5.944609999999999950e+00
4.612399999999999523e+01 5.944609999999999950e+00
3.532999999999999829e+01 4.427410000000000068e+00
3.532999999999999829e+01 4.427410000000000068e+00
4.915049999999999386e+01 5.905109999999999637e+00
4.915100000000001046e+01 5.905109999999999637e+00
-5.099949999999999761e+01 4.406439999999999912e+00
-5.100000000000000000e+01 4.406439999999999912e+00
-4.734360000000000213e+01 4.621419999999999639e+00
-4.734399999999999409e+01 4.621419999999999639e+00
-5.159510000000000218e+01 5.027319999999999567e+00
-5.159499999999999886e+01 5.027319999999999567e+00
-5.590030000000000143e+01 4.521700000000000053e+00
-5.590000000000000568e+01 4.521700000000000053e+00
-4.083469999999999800e+01 5.730410000000000004e+00
-4.083500000000000796e+01 5.730410000000000004e+00
-5.416779999999999973e+01 5.695129999999999804e+00
-5.416800000000000637e+01 5.695129999999999804e+00
-4.698089999999999833e+01 2.671720000000000095e+00
-4.698099999999999454e+01 2.671720000000000095e+00
-4.848700000000000188e+01 3.385899999999999910e+00
-4.848699999999999477e+01 3.385899999999999910e+00
-4.661249999999999716e+01 2.988510000000000222e+00
-4.661299999999999955e+01 2.988510000000000222e+00
-4.932759999999999678e+01 3.803310000000000191e+00
-4.932800000000000296e+01 3.803310000000000191e+00
-4.993169999999999931e+01 3.656759999999999788e+00
-4.993199999999998795e+01 3.656759999999999788e+00
-5.195980000000000132e+01 5.350880000000000081e+00
-5.196000000000000796e+01 5.350880000000000081e+00
