# MJD for centre of pulse
60176.5840140951938426
60176.5992720784513195
60176.6145300638561921
60176.6297880513371643
60176.6450460408061227
60176.6603040321589930
60176.6755620252766550
60176.6908200200261227
60176.7060780162616435
60176.7213360138261922
60176.7365940125527894
60176.7518520122661343
60176.7671100127841783
60176.7823680139198032
60176.7976260154825809
60176.8128840172804861
60176.8281420191217129

# MJD for when to start recording
60176.58228
60176.59754
60176.61279
60176.62805
60176.64331
60176.65857
60176.67383
60176.68908
60176.70434
60176.7196
60176.73486
60176.75012
60176.76537
60176.78063
60176.79589
60176.81115
60176.82641
